 31.79925      18           
 7.121317    36           
 31.79897    18           
 30.2042     54           
 7.120751    36           
 31.79859    18           
 13.88433    72           
 30.20407    54           
 7.120127    36           
 31.79812    18           
 27.09492    90           
 13.88511    72           
 30.2042     54           
 7.121317    36           
 31.79831    18           
 19.952      108          
 27.09532    90           
 13.88393    72           
 30.20403    54           
 7.120645    36           
 31.7989     18           
 22.62752    126          
 19.95195    108          
 27.09548    90           
 13.88421    72           
 30.20394    54           
 7.12        36           
 31.7989     18           
 25.01898    144          
 22.62797    126          
 19.95132    108          
 27.0954     90           
 13.884      72           
 30.20494    54           
 7.120422    36           
 31.79925    18           
 17.02442    162          
 25.01922    144          
 22.62723    126          
 19.952      108          
 27.09441    90           
 13.88421    72           
 30.20403    54           
 7.121317    36           
 31.79897    18           
 28.83097    180          
 17.02514    162          
 25.018      144          
 22.62723    126          
 19.95109    108          
 27.09548    90           
 13.88393    72           
 30.2042     54           
 7.120751    36           
 31.79859    18           
 10.56853    198          
 28.831      180          
 17.02503    162          
 25.01824    144          
 22.62669    126          
 19.95105    108          
 27.09479    90           
 13.88433    72           
 30.20407    54           
 7.120127    36           
 31.79812    18           
 31.198      216          
 10.56842    198          
 28.83097    180          
 17.02442    162          
 25.01855    144          
 22.62752    126          
 19.952      108          
 27.09492    90           
 13.88511    72           
 30.2042     54           
 7.121317    36           
 31.79831    18           
 3.582513    234          
 31.19815    216          
 10.56918    198          
 28.83102    180          
 17.02468    162          
 25.01844    144          
 22.62742    126          
 19.952      108          
 27.09532    90           
 13.88393    72           
 30.20403    54           
 7.120645    36           
 31.7989     18           
 32.00015    252          
 3.582933    234          
 31.19748    216          
 10.56895    198          
 28.83049    180          
 17.02572    162          
 25.01844    144          
 22.62752    126          
 19.95195    108          
 27.09548    90           
 13.88421    72           
 30.20394    54           
 7.12        36           
 31.7989     18           
 3.582933    270          
 32.00078    252          
 3.583547    234          
 31.19793    216          
 10.56913    198          
 28.83112    180          
 17.02552    162          
 25.01898    144          
 22.62797    126          
 19.95132    108          
 27.0954     90           
 13.884      72           
 30.20494    54           
 7.120422    36           
 31.79925    18           
 31.19748    288          
 3.583547    270          
 31.99973    252          
 3.582203    234          
 31.19715    216          
 10.56895    198          
 28.83102    180          
 17.02442    162          
 25.01922    144          
 22.62723    126          
 19.952      108          
 27.09441    90           
 13.88421    72           
 30.20403    54           
 7.121317    36           
 31.79897    18           
 10.56895    306          
 31.19793    288          
 3.582203    270          
 31.99973    252          
 3.583014    234          
 31.19748    216          
 10.56918    198          
 28.83097    180          
 17.02514    162          
 25.018      144          
 22.62723    126          
 19.95109    108          
 27.09548    90           
 13.88393    72           
 30.2042     54           
 7.120751    36           
 31.79859    18           
 28.83049    324          
 10.56913    306          
 31.19715    288          
 3.583014    270          
 31.99897    252          
 3.583264    234          
 31.19717    216          
 10.56853    198          
 28.831      180          
 17.02503    162          
 25.01824    144          
 22.62669    126          
 19.95105    108          
 27.09479    90           
 13.88433    72           
 30.20407    54           
 7.120127    36           
 31.79812    18           
 17.02572    342          
 28.83112    324          
 10.56895    306          
 31.19748    288          
 3.583264    270          
 32.00015    252          
 3.582513    234          
 31.198      216          
 10.56842    198          
 28.83097    180          
 17.02442    162          
 25.01855    144          
 22.62752    126          
 19.952      108          
 27.09492    90           
 13.88511    72           
 30.2042     54           
 7.121317    36           
 31.79831    18           
 25.01844    360          
 17.02552    342          
 28.83102    324          
 10.56918    306          
 31.19717    288          
 3.582513    270          
 32          252          
 3.582513    234          
 31.19815    216          
 10.56918    198          
 28.83102    180          
 17.02468    162          
 25.01844    144          
 22.62742    126          
 19.952      108          
 27.09532    90           
 13.88393    72           
 30.20403    54           
 7.120645    36           
 31.7989     18           
 22.62752    378          
 25.01898    360          
 17.02442    342          
 28.83097    324          
 10.56853    306          
 31.198      288          
 3.582513    270          
 32.00015    252          
 3.582933    234          
 31.19748    216          
 10.56895    198          
 28.83049    180          
 17.02572    162          
 25.01844    144          
 22.62752    126          
 19.95195    108          
 27.09548    90           
 13.88421    72           
 30.20394    54           
 7.12        36           
 31.7989     18           
 19.95195    396          
 22.62797    378          
 25.01922    360          
 17.02514    342          
 28.831      324          
 10.56842    306          
 31.19815    288          
 3.582933    270          
 32.00078    252          
 3.583547    234          
 31.19793    216          
 10.56913    198          
 28.83112    180          
 17.02552    162          
 25.01898    144          
 22.62797    126          
 19.95132    108          
 27.0954     90           
 13.884      72           
 30.20494    54           
 7.120422    36           
 31.79925    18           
 27.09548    414          
 19.95132    396          
 22.62723    378          
 25.018      360          
 17.02503    342          
 28.83097    324          
 10.56918    306          
 31.19748    288          
 3.583547    270          
 31.99973    252          
 3.582203    234          
 31.19715    216          
 10.56895    198          
 28.83102    180          
 17.02442    162          
 25.01922    144          
 22.62723    126          
 19.952      108          
 27.09441    90           
 13.88421    72           
 30.20403    54           
 7.121317    36           
 31.79897    18           
 13.88421    432          
 27.0954     414          
 19.952      396          
 22.62723    378          
 25.01824    360          
 17.02442    342          
 28.83102    324          
 10.56895    306          
 31.19793    288          
 3.582203    270          
 31.99973    252          
 3.583014    234          
 31.19748    216          
 10.56918    198          
 28.83097    180          
 17.02514    162          
 25.018      144          
 22.62723    126          
 19.95109    108          
 27.09548    90           
 13.88393    72           
 30.2042     54           
 7.120751    36           
 31.79859    18           
 30.20394    450          
 13.884      432          
 27.09441    414          
 19.95109    396          
 22.62669    378          
 25.01855    360          
 17.02468    342          
 28.83049    324          
 10.56913    306          
 31.19715    288          
 3.583014    270          
 31.99897    252          
 3.583264    234          
 31.19717    216          
 10.56853    198          
 28.831      180          
 17.02503    162          
 25.01824    144          
 22.62669    126          
 19.95105    108          
 27.09479    90           
 13.88433    72           
 30.20407    54           
 7.120127    36           
 31.79812    18           
 7.12        468          
 30.20494    450          
 13.88421    432          
 27.09548    414          
 19.95105    396          
 22.62752    378          
 25.01844    360          
 17.02572    342          
 28.83112    324          
 10.56895    306          
 31.19748    288          
 3.583264    270          
 32.00015    252          
 3.582513    234          
 31.198      216          
 10.56842    198          
 28.83097    180          
 17.02442    162          
 25.01855    144          
 22.62752    126          
 19.952      108          
 27.09492    90           
 13.88511    72           
 30.2042     54           
 7.121317    36           
 31.79831    18           
 31.7989     486          
 7.120422    468          
 30.20403    450          
 13.88393    432          
 27.09479    414          
 19.952      396          
 22.62742    378          
 25.01844    360          
 17.02552    342          
 28.83102    324          
 10.56918    306          
 31.19717    288          
 3.582513    270          
 32          252          
 3.582513    234          
 31.19815    216          
 10.56918    198          
 28.83102    180          
 17.02468    162          
 25.01844    144          
 22.62742    126          
 19.952      108          
 27.09532    90           
 13.88393    72           
 30.20403    54           
 7.120645    36           
 31.7989     18           
