 17.90324      0            
 6.180376    3.4          
 14.27219    3.4          
 19.78179    3.4          
 6.180362    3.4          
 17.90326    0            
 11.75572    6.8          
 9.244062    6.8          
 6.180333    3.4          
 14.27221    3.4          
 19.72398    6.8          
 11.75575    6.8          
 19.78185    3.4          
 6.180355    3.4          
 17.90329    0            
 16.18039    10.2         
 3.311013    10.2         
 11.75576    6.8          
 9.244049    6.8          
 6.1804      3.4          
 14.27222    3.4          
 17.73543    10.2         
 16.18036    10.2         
 19.72403    6.8          
 11.7557     6.8          
 19.78185    3.4          
 6.180334    3.4          
 17.90328    0            
 19.02117    13.6         
 2.946074    13.6         
 16.1804     10.2         
 3.311085    10.2         
 11.75576    6.8          
 9.244127    6.8          
 6.180333    3.400001     
 14.27226    3.400001     
 14.01086    13.6         
 19.02115    13.6         
 17.73553    10.2         
 16.18033    10.2         
 19.72406    6.8          
 11.75568    6.8          
 19.78188    3.400001     
 6.180305    3.400001     
 17.90333    0            
 20          17           
 8.914812    17           
 19.02117    13.6         
 2.946043    13.6         
 16.18039    10.2         
 3.311096    10.2         
 11.75572    6.8          
 9.244097    6.8          
 6.180376    3.4          
 14.27222    3.4          
 8.914768    17           
 20.00005    17           
 14.01093    13.6         
 19.02115    13.6         
 17.73554    10.2         
 16.18036    10.2         
 19.72411    6.8          
 11.75571    6.8          
 19.78194    3.4          
 6.180374    3.4          
 17.90333    0            
 19.02117    20.4         
 14.01095    20.4         
 20.0001     17           
 8.914804    17           
 19.02123    13.6         
 2.946033    13.6         
 16.18042    10.2         
 3.311099    10.2         
 11.7558     6.799999     
 9.244097    6.799999     
 6.180376    3.4          
 14.27228    3.4          
 2.946043    20.4         
 19.02107    20.4         
 8.914804    17           
 19.99992    17           
 14.01086    13.6         
 19.02105    13.6         
 17.73549    10.2         
 16.18025    10.2         
 19.72402    6.799999     
 11.75566    6.799999     
 19.78179    3.4          
 6.180305    3.4          
 17.90326    0            
 16.18039    23.8         
 17.73552    23.8         
 19.02123    20.4         
 14.01086    20.4         
 20.00009    17           
 8.914734    17           
 19.0212     13.6         
 2.945979    13.6         
 16.18042    10.2         
 3.311114    10.2         
 11.75572    6.799999     
 9.244162    6.799999     
 6.180333    3.4          
 14.27221    3.4          
 3.311096    23.8         
 16.18026    23.8         
 2.946033    20.4         
 19.02105    20.4         
 8.914734    17           
 19.99994    17           
 14.01086    13.6         
 19.02106    13.6         
 17.73547    10.2         
 16.18033    10.2         
 19.72398    6.799999     
 11.75572    6.799999     
 19.78185    3.4          
 6.180355    3.4          
 17.90329    0            
 11.75572    27.2         
 19.72406    27.2         
 16.18042    23.8         
 17.73549    23.8         
 19.0212     20.4         
 14.01086    20.4         
 20.00009    17           
 8.914752    17           
 19.02123    13.6         
 2.946048    13.6         
 16.18039    10.2         
 3.311102    10.2         
 11.75576    6.800001     
 9.244049    6.800001     
 6.1804      3.400002     
 14.27222    3.400002     
 9.244097    27.2         
 11.75561    27.2         
 3.311099    23.8         
 16.18025    23.8         
 2.945979    20.4         
 19.02106    20.4         
 8.914752    17           
 19.99993    17           
 14.01083    13.6         
 19.02111    13.6         
 17.73543    10.2         
 16.18037    10.2         
 19.72403    6.800001     
 11.7557     6.800001     
 19.78185    3.400002     
 6.180334    3.400002     
 17.90328    0            
 6.180281    30.6         
 19.7818     30.6         
 11.7557     27.2         
 19.72398    27.2         
 16.18032    23.8         
 17.73546    23.8         
 19.02115    20.4         
 14.01085    20.4         
 20.00005    17           
 8.914812    17           
 19.02114    13.6         
 2.946075    13.6         
 16.1804     10.2         
 3.310995    10.2         
 11.75579    6.800001     
 9.244028    6.800001     
 6.180392    3.4          
 14.27216    3.4          
 14.27222    30.6         
 6.180279    30.6         
 9.244097    27.2         
 11.75566    27.2         
 3.311114    23.8         
 16.18033    23.8         
 2.946048    20.4         
 19.02111    20.4         
 8.914765    17           
 20.00002    17           
 14.01086    13.6         
 19.02118    13.6         
 17.73553    10.2         
 16.18033    10.2         
 19.72406    6.800001     
 11.75568    6.800001     
 19.78188    3.4          
 6.180305    3.4          
 17.90324    0            
 0           34           
 17.90324    34           
 6.180376    30.6         
 19.78179    30.6         
 11.75572    27.2         
 19.72398    27.2         
 16.18039    23.8         
 17.73543    23.8         
 19.02117    20.4         
 14.01086    20.4         
 20          17           
 8.914768    17           
 19.02117    13.6         
 2.946043    13.6         
 16.18039    10.2         
 3.311096    10.2         
 11.75572    6.799999     
 9.244097    6.799999     
 6.180281    3.4          
 14.27222    3.4          
 17.90333    34           
 0.0001001358              34           
 14.27228    30.6         
 6.180305    30.6         
 9.244162    27.2         
 11.75572    27.2         
 3.311102    23.8         
 16.18037    23.8         
 2.946003    20.4         
 19.02118    20.4         
 8.914768    17           
 20.00011    17           
 14.01093    13.6         
 19.02115    13.6         
 17.73554    10.2         
 16.18036    10.2         
 19.72411    6.799999     
 11.75571    6.799999     
 19.78187    3.4          
 6.180374    3.4          
 17.90333    0            
